%YAML:1.0
---
codebook: !!opencv-matrix
   rows: 16
   cols: 128
   dt: f
   data: [ 4.31272087e+01, 2.47711983e+01, 1.38543463e+01,
       1.53859673e+01, 2.12018929e+01, 9.68412304e+00, 7.28519535e+00,
       1.50476227e+01, 1.02024460e+02, 3.88743782e+01, 1.03185768e+01,
       9.32244682e+00, 1.74539146e+01, 1.09837122e+01, 1.02124453e+01,
       3.55918961e+01, 2.96163425e+01, 1.20718594e+01, 1.15314674e+01,
       3.25031509e+01, 7.61594925e+01, 3.30373497e+01, 1.32289972e+01,
       1.68077259e+01, 1.44515905e+01, 1.28888559e+01, 1.43380384e+01,
       2.63641262e+01, 4.52625465e+01, 1.98695068e+01, 9.61341953e+00,
       9.10377979e+00, 5.47660751e+01, 2.25764599e+01, 1.43478804e+01,
       1.99945984e+01, 2.98691711e+01, 1.48828707e+01, 8.25238419e+00,
       1.54106216e+01, 1.34035950e+02, 3.65459595e+01, 7.13391781e+00,
       8.16209316e+00, 1.93645992e+01, 1.33250504e+01, 9.83066750e+00,
       4.59682198e+01, 3.76039124e+01, 8.63747501e+00, 8.92305946e+00,
       4.22858620e+01, 1.12471832e+02, 5.52022667e+01, 1.37283916e+01,
       1.62051506e+01, 1.75552731e+01, 1.53673697e+01, 1.65100155e+01,
       3.03348503e+01, 5.44683914e+01, 2.38829117e+01, 1.15453186e+01,
       1.26408434e+01, 5.46591339e+01, 1.50864477e+01, 8.45956707e+00,
       1.52430010e+01, 2.98843727e+01, 1.95321770e+01, 1.42463560e+01,
       2.29480610e+01, 1.34101730e+02, 4.59719772e+01, 9.78614902e+00,
       1.33485489e+01, 1.92357349e+01, 7.99561501e+00, 6.97302151e+00,
       3.64986687e+01, 3.76716232e+01, 1.61673412e+01, 1.35377598e+01,
       5.47495766e+01, 1.12347542e+02, 4.25535469e+01, 9.04023075e+00,
       8.70635509e+00, 1.75518475e+01, 1.22354841e+01, 1.14197531e+01,
       2.42476635e+01, 5.46689339e+01, 3.01126194e+01, 1.66118317e+01,
       1.57594347e+01, 4.29050865e+01, 1.47177553e+01, 7.33536577e+00,
       9.78323936e+00, 2.11890450e+01, 1.53736334e+01, 1.41887655e+01,
       2.50301247e+01, 1.02333984e+02, 3.55436211e+01, 1.02704525e+01,
       1.11217089e+01, 1.71007309e+01, 9.00638962e+00, 1.02774973e+01,
       3.90885086e+01, 2.97164192e+01, 1.68852787e+01, 1.31795502e+01,
       3.32854156e+01, 7.59568863e+01, 3.19785480e+01, 1.14773998e+01,
       1.21388454e+01, 1.44703274e+01, 8.95589924e+00, 9.57730865e+00,
       2.02794037e+01, 4.56837044e+01, 2.60507278e+01, 1.41380100e+01,
       1.28205194e+01, 1.39623327e+01, 1.31669846e+01, 1.60752029e+01,
       1.96829624e+01, 1.93541050e+01, 1.74606190e+01, 1.79672108e+01,
       1.55173550e+01, 2.73755608e+01, 1.81271343e+01, 1.68110332e+01,
       1.94633884e+01, 2.07290516e+01, 2.00640297e+01, 2.32101727e+01,
       2.83575325e+01, 5.39602852e+01, 1.72749329e+01, 1.12489967e+01,
       1.04559917e+01, 1.00400105e+01, 1.42760029e+01, 4.08110199e+01,
       7.69896622e+01, 3.19629478e+01, 1.21915150e+01, 8.17612267e+00,
       6.47801781e+00, 8.30586433e+00, 2.11176891e+01, 5.55397758e+01,
       6.31561470e+01, 1.94188519e+01, 1.73010178e+01, 1.80579510e+01,
       2.03653088e+01, 2.18262501e+01, 2.20909328e+01, 2.24959145e+01,
       2.06704998e+01, 5.76544800e+01, 2.68659973e+01, 2.35452404e+01,
       3.04214878e+01, 3.27021179e+01, 2.57748032e+01, 1.78906460e+01,
       2.32242622e+01, 1.26139557e+02, 3.64695244e+01, 9.76684952e+00,
       7.17361832e+00, 5.88234091e+00, 8.99411297e+00, 2.97293587e+01,
       9.13202057e+01, 4.53238182e+01, 1.49078388e+01, 1.23712549e+01,
       1.58401337e+01, 1.94954319e+01, 3.46543465e+01, 5.59213409e+01,
       5.95451508e+01, 1.93307762e+01, 2.07421150e+01, 2.25821590e+01,
       2.24227772e+01, 2.17520428e+01, 2.01491623e+01, 1.81916027e+01,
       1.71887627e+01, 5.78260460e+01, 2.29521980e+01, 1.79066677e+01,
       2.62826805e+01, 3.24796448e+01, 2.98360920e+01, 2.38042526e+01,
       2.75527668e+01, 1.26071808e+02, 9.08081665e+01, 2.95271244e+01,
       9.18448544e+00, 5.91596651e+00, 7.13341761e+00, 9.97932148e+00,
       3.69787521e+01, 4.48027153e+01, 5.94655113e+01, 5.64105911e+01,
       3.53211975e+01, 1.96182747e+01, 1.55320444e+01, 1.20659914e+01,
       1.45911226e+01, 1.38704643e+01, 1.54791746e+01, 1.83328552e+01,
       1.78008842e+01, 1.92465229e+01, 1.92729855e+01, 1.62500668e+01,
       1.33652353e+01, 2.80677643e+01, 2.84877281e+01, 2.34285183e+01,
       2.00536156e+01, 2.03483067e+01, 1.89236984e+01, 1.69382858e+01,
       1.89142971e+01, 5.39615288e+01, 7.62057343e+01, 4.06346207e+01,
       1.44203892e+01, 1.02049007e+01, 1.05392342e+01, 1.14671955e+01,
       1.78619843e+01, 3.10001183e+01, 6.20524025e+01, 5.55625496e+01,
       2.17182579e+01, 8.73890686e+00, 6.76037645e+00, 8.46709251e+00,
       1.19681034e+01, 3.19085617e+01, 1.82137203e+01, 1.38534412e+01,
       1.53686628e+01, 1.94693565e+01, 2.18584785e+01, 2.67157497e+01,
       3.15781651e+01, 3.10780411e+01, 1.97833099e+01, 1.68394623e+01,
       2.10601673e+01, 3.05486145e+01, 3.27530708e+01, 3.48494186e+01,
       3.40902252e+01, 3.75767899e+01, 1.99852791e+01, 1.39957600e+01,
       1.57843752e+01, 2.66401405e+01, 3.61161575e+01, 4.11317520e+01,
       4.06314545e+01, 1.78661289e+01, 1.31397476e+01, 1.21239386e+01,
       1.71575565e+01, 3.39011040e+01, 4.10798073e+01, 3.27788429e+01,
       2.21372395e+01, 4.92712212e+01, 2.87073135e+01, 1.69665871e+01,
       1.77051277e+01, 2.29277916e+01, 2.31712570e+01, 2.68270645e+01,
       4.00248718e+01, 3.83149643e+01, 2.74720364e+01, 3.26749229e+01,
       5.67981606e+01, 6.72828979e+01, 3.86298523e+01, 1.98158627e+01,
       2.07908745e+01, 1.09532303e+02, 4.83375511e+01, 2.11871300e+01,
       1.92937965e+01, 2.39667912e+01, 2.58544636e+01, 2.54606304e+01,
       4.48597908e+01, 2.24949265e+01, 9.52351952e+00, 1.04898033e+01,
       3.20095253e+01, 6.86487961e+01, 6.15701714e+01, 3.21625938e+01,
       1.89144154e+01, 4.96785278e+01, 3.99981804e+01, 2.66420021e+01,
       2.30385799e+01, 2.28821964e+01, 1.76991978e+01, 1.67512951e+01,
       2.88685284e+01, 3.84083405e+01, 2.07423191e+01, 1.96212006e+01,
       3.82022057e+01, 6.73250809e+01, 5.74900856e+01, 3.28031845e+01,
       2.75345707e+01, 1.09539589e+02, 4.48122597e+01, 2.48614578e+01,
       2.52553577e+01, 2.39447517e+01, 1.95857410e+01, 2.14245586e+01,
       4.84374275e+01, 2.28417110e+01, 1.89579887e+01, 3.13422985e+01,
       6.01117783e+01, 6.88024902e+01, 3.28804855e+01, 1.08758354e+01,
       9.55974197e+00, 3.24480820e+01, 3.18733501e+01, 2.62405930e+01,
       2.17486572e+01, 1.95887432e+01, 1.53905840e+01, 1.37367983e+01,
       1.81821251e+01, 3.12522354e+01, 3.44825096e+01, 3.47651215e+01,
       3.26111259e+01, 3.08414860e+01, 2.12542152e+01, 1.67753029e+01,
       1.96997375e+01, 3.83005981e+01, 4.09613342e+01, 4.07015991e+01,
       3.55968056e+01, 2.64578648e+01, 1.59834814e+01, 1.42041645e+01,
       2.01107464e+01, 1.81199684e+01, 2.24574451e+01, 3.25415230e+01,
       4.07657700e+01, 3.42047882e+01, 1.74530544e+01, 1.20046921e+01,
       1.30022812e+01, 2.58497581e+01, 2.41603603e+01, 2.18152599e+01,
       2.27867146e+01, 2.22541943e+01, 1.93230038e+01, 1.99998951e+01,
       2.26988602e+01, 3.38192253e+01, 2.40477295e+01, 1.92024632e+01,
       2.11907177e+01, 2.57111797e+01, 2.98230038e+01, 3.63683357e+01,
       3.91177788e+01, 2.48073273e+01, 1.87220116e+01, 1.69119701e+01,
       2.02184563e+01, 2.97761402e+01, 4.16896667e+01, 4.18094330e+01,
       3.29928169e+01, 2.14154205e+01, 1.93341408e+01, 1.75505486e+01,
       1.93173180e+01, 2.37622890e+01, 2.69376011e+01, 2.55767879e+01,
       2.26599636e+01, 3.96274529e+01, 2.98857307e+01, 3.06860733e+01,
       3.58138542e+01, 3.42338028e+01, 2.38315201e+01, 1.57566738e+01,
       1.95170918e+01, 1.13573387e+02, 3.97421341e+01, 1.66861553e+01,
       1.47890549e+01, 1.66981010e+01, 2.63471375e+01, 4.22912178e+01,
       7.36257324e+01, 2.58779392e+01, 1.11499033e+01, 1.25428743e+01,
       3.29346428e+01, 7.26509323e+01, 8.30430298e+01, 6.04243126e+01,
       3.69645538e+01, 2.23856602e+01, 2.07528477e+01, 2.19452057e+01,
