%YAML:1.0
---
codebook: !!opencv-matrix
   rows: 16
   cols: 128
   dt: f
   data: [ 1.78779488e+01, 1.92725391e+01, 2.65187244e+01,
       3.25436897e+01, 2.44618587e+01, 1.65915394e+01, 1.61789188e+01,
       1.77905693e+01, 2.21026363e+01, 2.20624142e+01, 3.16851597e+01,
       3.83072128e+01, 2.92871017e+01, 2.07184467e+01, 2.72156734e+01,
       2.95374489e+01, 3.59812775e+01, 2.39701805e+01, 2.32378654e+01,
       2.26532593e+01, 1.63051319e+01, 1.93217754e+01, 4.15998611e+01,
       4.98717079e+01, 3.06199741e+01, 1.84153957e+01, 1.52198343e+01,
       1.36296816e+01, 1.30221920e+01, 1.81719837e+01, 3.39805832e+01,
       4.29965324e+01, 2.76948700e+01, 2.68328724e+01, 4.16546478e+01,
       5.15950089e+01, 3.17558956e+01, 1.63224697e+01, 1.17281561e+01,
       1.47434120e+01, 1.06649796e+02, 3.03384190e+01, 2.08037453e+01,
       2.11615810e+01, 1.32697649e+01, 1.59674072e+01, 4.92524300e+01,
       8.85124893e+01, 3.46102638e+01, 1.18828020e+01, 1.00478506e+01,
       1.45471573e+01, 2.33203888e+01, 5.41282959e+01, 9.19909897e+01,
       7.28522873e+01, 2.76123447e+01, 1.86851597e+01, 1.78911247e+01,
       1.90617199e+01, 2.10471573e+01, 2.89348145e+01, 4.42309303e+01,
       4.31220551e+01, 3.90270462e+01, 1.61955624e+01, 2.00610275e+01,
       3.35360603e+01, 3.16310692e+01, 2.72205276e+01, 3.09278793e+01,
       3.53522911e+01, 1.21446609e+02, 5.47669907e+01, 1.63599167e+01,
       1.18446608e+01, 8.35436916e+00, 9.35714340e+00, 2.01588078e+01,
       6.49514618e+01, 5.19195595e+01, 3.40443840e+01, 3.37413330e+01,
       4.16456337e+01, 3.60006943e+01, 3.02163677e+01, 2.74264927e+01,
       2.67649117e+01, 2.21185856e+01, 1.97538147e+01, 2.50582523e+01,
       3.02836342e+01, 2.77288494e+01, 2.63509026e+01, 2.83037453e+01,
       2.58633842e+01, 3.35436897e+01, 1.21345358e+01, 1.00818310e+01,
       1.30464640e+01, 1.63203888e+01, 2.07864094e+01, 3.66178932e+01,
       5.01511803e+01, 6.54563141e+01, 2.75381432e+01, 1.59805832e+01,
       1.52988911e+01, 1.52718449e+01, 1.56879339e+01, 2.94514580e+01,
       6.37773933e+01, 3.70457726e+01, 2.86789188e+01, 2.93710136e+01,
       3.13918171e+01, 2.48925114e+01, 1.71130371e+01, 1.89965324e+01,
       2.98176155e+01, 1.77787800e+01, 1.85180321e+01, 2.60416088e+01,
       3.20291290e+01, 2.45159512e+01, 1.67482662e+01, 1.61484051e+01,
       1.80097084e+01, 3.87742805e+01, 2.46036758e+01, 1.47226601e+01,
       1.12239723e+01, 1.21443567e+01, 6.93700790e+00, 6.20647430e+00,
       1.19947510e+01, 1.17403328e+02, 4.75433083e+01, 1.03149605e+01,
       5.07786512e+00, 3.94050741e+00, 3.17060375e+00, 5.31846046e+00,
       3.14610672e+01, 1.01468071e+02, 3.18748913e+01, 9.33420849e+00,
       5.98862648e+00, 6.87664032e+00, 6.01399851e+00, 1.12134733e+01,
       4.15196877e+01, 2.78477688e+01, 1.23105860e+01, 9.02624702e+00,
       8.04636955e+00, 1.57970257e+01, 1.54190731e+01, 1.58512688e+01,
       1.97130356e+01, 4.92554703e+01, 2.19737530e+01, 1.33534565e+01,
       1.16036749e+01, 1.52020998e+01, 9.59055138e+00, 7.53980780e+00,
       1.46272964e+01, 1.36337708e+02, 4.29868774e+01, 1.02502193e+01,
       5.35083103e+00, 4.42344713e+00, 4.05161858e+00, 5.86264229e+00,
       4.23998260e+01, 1.20769028e+02, 3.67996521e+01, 9.08573914e+00,
       8.35083103e+00, 9.71128654e+00, 9.43832016e+00, 1.36062994e+01,
       4.22957153e+01, 3.85266838e+01, 1.66150494e+01, 1.13105860e+01,
       1.07620296e+01, 1.81557312e+01, 1.58477697e+01, 1.46876640e+01,
       2.00411205e+01, 4.79361343e+01, 1.56421700e+01, 9.01924801e+00,
       9.30796146e+00, 1.53070869e+01, 1.31907263e+01, 1.21714792e+01,
       1.93070869e+01, 1.38324585e+02, 4.43053360e+01, 8.17585278e+00,
       4.70428705e+00, 4.89763784e+00, 4.58967638e+00, 7.33858299e+00,
       3.90271225e+01, 1.21686790e+02, 4.19938774e+01, 1.40848646e+01,
       1.10769901e+01, 9.09536362e+00, 7.49081373e+00, 8.16535473e+00,
       3.52764664e+01, 3.93097115e+01, 1.94164486e+01, 1.54050751e+01,
       1.63210850e+01, 1.76500435e+01, 1.11539812e+01, 1.11609802e+01,
       1.74199486e+01, 3.61417313e+01, 1.07830276e+01, 6.08573961e+00,
       6.59755039e+00, 1.29641294e+01, 1.30708666e+01, 1.41601057e+01,
       2.30857391e+01, 1.18077866e+02, 3.22335968e+01, 5.60892391e+00,
       3.20122480e+00, 3.77252841e+00, 4.65966749e+00, 9.54943180e+00,
       4.80271225e+01, 1.03093613e+02, 4.10874901e+01, 1.16911640e+01,
       8.16710472e+00, 6.09011364e+00, 5.21347332e+00, 8.26334190e+00,
       3.23989525e+01, 2.88670177e+01, 1.94076996e+01, 1.62414703e+01,
       1.71881027e+01, 1.50061245e+01, 7.72178507e+00, 7.94838142e+00,
       1.34365711e+01, 3.16326542e+01, 4.18456078e+01, 3.18908615e+01,
       1.65235138e+01, 1.21535053e+01, 1.22342510e+01, 1.31055908e+01,
       1.85013313e+01, 4.05838509e+01, 5.84809227e+01, 4.14152641e+01,
       1.52768412e+01, 1.16512871e+01, 1.69174805e+01, 1.89582977e+01,
       2.33744469e+01, 2.65687675e+01, 3.67834969e+01, 2.74525299e+01,
       1.75696545e+01, 2.66566105e+01, 3.41073647e+01, 2.72502232e+01,
       2.00851822e+01, 1.86397514e+01, 1.71535053e+01, 1.37453423e+01,
       1.60629997e+01, 2.72732925e+01, 3.42582092e+01, 2.57666378e+01,
       1.80629997e+01, 2.62324772e+01, 4.12191658e+01, 4.23433914e+01,
       2.63274193e+01, 2.07888203e+01, 2.16184559e+01, 1.79467621e+01,
       1.67577648e+01, 3.23078995e+01, 7.98926392e+01, 9.46619339e+01,
       4.77994690e+01, 2.31508427e+01, 1.57045259e+01, 8.76752472e+00,
       9.00976086e+00, 1.10793259e+02, 9.54853592e+01, 5.47701874e+01,
       1.39600716e+01, 1.02670813e+01, 1.45643301e+01, 1.38039045e+01,
       2.72102928e+01, 3.41526184e+01, 1.75350494e+01, 1.16282167e+01,
       1.50718727e+01, 3.48731155e+01, 4.84090538e+01, 3.33824310e+01,
       2.34321213e+01, 2.15927238e+01, 2.57542152e+01, 2.85359364e+01,
       2.40665493e+01, 2.75474720e+01, 3.01730270e+01, 2.55510216e+01,
       1.95075436e+01, 5.06858940e+01, 2.38500443e+01, 2.54250221e+01,
       3.06388645e+01, 4.05758667e+01, 4.51898842e+01, 3.25829659e+01,
       3.15412617e+01, 1.24921036e+02, 6.23913078e+01, 1.46424141e+01,
       7.01242256e+00, 7.91038179e+00, 1.04374447e+01, 1.32200537e+01,
       5.28553696e+01, 4.60629997e+01, 3.33620224e+01, 2.49574089e+01,
       2.49636211e+01, 3.56645966e+01, 3.21189003e+01, 1.44365578e+01,
       1.44321213e+01, 1.72386875e+01, 1.82519970e+01, 1.79964504e+01,
       1.75536823e+01, 2.50967178e+01, 2.97417927e+01, 2.37169476e+01,
       1.70417042e+01, 3.56051483e+01, 2.64250221e+01, 2.02138424e+01,
       2.15927238e+01, 2.80363808e+01, 2.81889973e+01, 2.49769306e+01,
       2.61277733e+01, 7.55598984e+01, 6.66512909e+01, 2.77551022e+01,
       1.30266199e+01, 1.12404613e+01, 1.13300800e+01, 1.26060343e+01,
       2.82120686e+01, 3.35013313e+01, 4.99290161e+01, 3.60310555e+01,
       2.26175690e+01, 1.80567875e+01, 1.17932568e+01, 6.96805716e+00,
       9.88731194e+00, 3.13070850e+01, 4.19005013e+01, 3.03536148e+01,
       2.14538288e+01, 2.00486755e+01, 1.46055832e+01, 1.09105225e+01,
       1.32498207e+01, 6.59012146e+01, 5.54788818e+01, 2.72963486e+01,
       1.58260555e+01, 1.63922691e+01, 1.54230490e+01, 1.57036505e+01,
       2.99871140e+01, 3.77766647e+01, 2.57172508e+01, 1.52562628e+01,
       1.52806005e+01, 2.56263409e+01, 3.28868980e+01, 2.95669289e+01,
       3.13435917e+01, 1.91904068e+01, 1.65067997e+01, 1.26120253e+01,
       1.38060122e+01, 2.35769501e+01, 3.47158203e+01, 2.74366493e+01,
       1.91360054e+01, 3.46528282e+01, 2.88582668e+01, 2.81338577e+01,
       3.05962772e+01, 3.74115944e+01, 3.52813148e+01, 1.73299923e+01,
       1.41667852e+01, 1.21639938e+02, 5.89398689e+01, 1.94867573e+01,
       1.03400145e+01, 9.52111626e+00, 1.25654974e+01, 1.65504646e+01,
       5.62541161e+01, 5.41696472e+01, 2.61639214e+01, 2.36141720e+01,
       2.44395123e+01, 3.52047234e+01, 4.38289185e+01, 3.45196838e+01,
       3.64072990e+01, 2.43908367e+01, 2.59677868e+01, 2.25497494e+01,
