%YAML:1.0
---
vocabulary: !!opencv-matrix
   rows: 16
   cols: 128
   dt: f
   data: [ -1.29995458e-02, -1.65136904e-02, -1.70235839e-02,
       -1.04512600e-02, -1.07047204e-02, -1.59040913e-02,
       -1.67320520e-02, -1.56574287e-02, -5.63811604e-03,
       -1.28553081e-02, -1.56808347e-02, -1.40477661e-02,
       -1.17296595e-02, -1.37795797e-02, -1.53305689e-02,
       -1.08871087e-02, -6.71655824e-03, -1.49236275e-02,
       -1.41648995e-02, -1.30737964e-02, -1.15138236e-02,
       -1.44305974e-02, -1.30424369e-02, -8.94272327e-03,
       -1.39516350e-02, -1.63967907e-02, -1.59073267e-02,
       -1.55666228e-02, -1.52118653e-02, -1.74437277e-02,
       -1.54313976e-02, -1.25071742e-02, -8.12507793e-03,
       -1.26023311e-02, -1.18047465e-02, -2.80448236e-03,
       -4.80131619e-03, -1.55856125e-02, -1.43479956e-02,
       -1.03731100e-02, -3.41668166e-03, -1.19072720e-02,
       -1.24686770e-02, -2.19794083e-03, -7.71276839e-03,
       -1.29687637e-02, -1.34584764e-02, -1.05817150e-02, 4.14458569e-04,
       -1.32991299e-02, -8.08190834e-03, -8.50641169e-03,
       -1.02972388e-02, -1.51823480e-02, -1.20436307e-02,
       -1.01369089e-02, -8.65970552e-03, -1.18499119e-02,
       -1.49033647e-02, -1.01335822e-02, -1.46554010e-02,
       -1.67030226e-02, -1.42629165e-02, -1.22891609e-02, 5.59543446e-03,
       -6.28223643e-04, -6.55652210e-03, -1.45284832e-03,
       -3.40687949e-03, -1.51302880e-02, -1.74727254e-02,
       -1.17187807e-02, 1.61630549e-02, 1.45948865e-02, 6.81422371e-03,
       1.39899161e-02, -5.10771433e-03, -1.80829763e-02, -1.67231858e-02,
       -1.22966208e-02, 2.93520628e-03, 1.79872271e-02, 3.26415375e-02,
       1.06997117e-02, -1.42531153e-02, -1.79594345e-02, -1.36278421e-02,
       -1.28101334e-02, -1.13363154e-02, -3.27106589e-03, 1.13558322e-02,
       5.56648709e-03, -8.67940765e-03, -1.72464140e-02, -1.35042351e-02,
       -1.47666372e-02, 4.48508235e-03, -3.83610488e-03, -9.31281690e-03,
       -1.04766991e-03, -1.03372745e-02, -1.58877522e-02,
       -1.79041773e-02, -1.43931052e-02, 1.97707340e-02, 2.06663599e-03,
       -2.72618467e-03, -2.91876961e-04, -1.24158114e-02,
       -1.77443698e-02, -1.89585797e-02, -1.04462355e-02, 1.30050713e-02,
       -3.05375806e-03, 7.47409742e-03, 1.39167113e-03, -9.21910163e-03,
       -1.45926122e-02, -1.76923349e-02, -7.56714586e-03,
       -1.45097049e-02, -1.25400722e-02, 1.31761329e-03, -1.58628682e-03,
       -3.26165534e-03, -1.43243140e-02, -1.72054693e-02,
       -1.57467239e-02, -1.64769124e-04, -4.11456265e-03,
       -5.42796729e-03, -4.55248356e-03, 6.79827109e-03, 6.05120277e-03,
       -9.81714809e-04, -4.29330068e-03, 1.78036895e-02, 1.59508288e-02,
       1.01932930e-03, -3.47315054e-03, 7.91901071e-03, 9.33432113e-03,
       1.07732797e-02, 1.23950597e-02, 1.20490268e-02, 1.14169670e-02,
       -3.18342773e-03, -2.74690799e-04, 9.79209319e-03, 1.00803357e-02,
       1.94525793e-02, 6.48857746e-03, 5.92772849e-03, -3.40144709e-03,
       -9.15775355e-03, -8.96542240e-03, -4.06875880e-03,
       -1.01362495e-03, 7.40397908e-03, 7.62313418e-03, 6.20838162e-03,
       1.22072259e-02, 1.02985390e-02, 8.24532751e-03, 2.03948300e-02,
       1.98376868e-02, 5.38760191e-03, 2.50491383e-03, 5.45053706e-02,
       7.55317360e-02, 3.35662887e-02, 8.33288673e-03, -1.69547973e-03,
       -6.37146691e-03, -2.80952780e-03, 1.58418901e-02, -2.79084733e-03,
       1.23333726e-02, 4.59620729e-02, 6.22467324e-02, 4.47845012e-02,
       4.15557763e-03, -2.57661426e-03, -5.53034712e-03, 2.64382008e-02,
       1.45470146e-02, 6.29405864e-03, 4.12535388e-04, 5.55521809e-03,
       -5.03798481e-04, -2.64905830e-04, 3.77430092e-03, 8.75155535e-03,
       1.94211118e-02, 2.40738280e-02, 1.77253019e-02, 9.70759057e-03,
       6.45098835e-03, 4.76997811e-03, 1.68452272e-03, 5.09445667e-02,
       2.16304362e-02, 3.19446600e-03, -4.47764155e-03, -4.06932551e-03,
       1.63177447e-03, 2.62623895e-02, 3.50372195e-02, -4.82384348e-04,
       -6.68660551e-03, -3.32954247e-03, 2.22846922e-02, 3.57684940e-02,
       5.08263037e-02, 2.80798152e-02, 8.97103827e-03, 2.58144643e-02,
       1.38059296e-02, 4.70244884e-03, 1.41453780e-02, 1.82795115e-02,
       3.86307435e-03, 1.70546630e-03, 2.56693782e-03, 3.85498698e-03,
       1.05169299e-03, 1.35425758e-02, 1.29730087e-02, -7.97051005e-04,
       -6.97160047e-03, -5.56316506e-03, -3.95250972e-04, 8.88699107e-03,
       -1.16902855e-04, 1.52482819e-02, 2.04962865e-02, 1.13175390e-02,
       9.13731847e-03, 1.13635650e-02, 1.10112624e-02, 4.82585654e-03,
       8.68027937e-03, 1.52594410e-02, 7.52265472e-03, 5.41850179e-03,
       1.42767616e-02, 1.39645264e-02, 1.08331945e-02, 7.43674766e-03,
       2.28253240e-03, 3.27286776e-04, 2.88415025e-03, 1.22492295e-03,
       -5.85826300e-03, -1.14915380e-03, -1.55039132e-03,
       -1.54694105e-02, -1.48741473e-02, -1.61648411e-02,
       -1.61106624e-02, -1.40842209e-02, -1.25470981e-02,
       -1.57301892e-02, -1.58616379e-02, -1.35681946e-02,
       -1.41545273e-02, -1.67435575e-02, -1.34740751e-02, 5.71743120e-04,
       -1.16908760e-03, -1.30104739e-02, -1.60859507e-02,
       -1.63951889e-02, -1.49658201e-02, -1.73189305e-02,
       -1.17625203e-02, 3.40319192e-03, 1.03317648e-02, -1.42333750e-02,
       -1.73180439e-02, -1.60170216e-02, -1.59039143e-02,
       -1.81807205e-02, -1.80988088e-02, -1.33697828e-02,
       -3.24644241e-03, -1.25690522e-02, -1.71051919e-02,
       -1.57887861e-02, -1.49112735e-02, -1.23000294e-02,
       -1.20666027e-02, -1.20231910e-02, -1.20856874e-02,
       -9.90299974e-03, -1.50214341e-02, -1.36851603e-02,
       -1.34174041e-02, -9.00713727e-03, -1.01101361e-02,
       -7.10625900e-04, 4.60506417e-05, -5.83099993e-03, -1.54180108e-02,
       -1.60356220e-02, -1.40050380e-02, -6.58113323e-03,
       -4.24614502e-03, -1.54134305e-03, -2.64579291e-03,
       -1.04699880e-02, -1.62720755e-02, -1.21068284e-02,
       -7.95290340e-03, -9.28762089e-03, -1.42928557e-02,
       -1.09699396e-02, -1.20588569e-02, -1.28437430e-02,
       -1.66659094e-02, -1.17048128e-02, -4.80344705e-03,
       -2.58400152e-03, -1.00857886e-02, -1.25285657e-02,
       -1.01544280e-02, -1.26119684e-02, -1.73227191e-02,
       -1.50313312e-02, -2.56981654e-03, 1.34844203e-02, 4.02662717e-03,
       -1.05994605e-02, -9.53305140e-03, -1.27939852e-02,
       -1.66124031e-02, -1.66744813e-02, -9.53035615e-03,
       -7.78115820e-03, 5.09565929e-03, 6.47843350e-04, -1.06015466e-02,
       -1.43586714e-02, -1.56530477e-02, -1.05674714e-02,
       -6.48019928e-03, -2.17763567e-03, -3.36653297e-03,
       -1.12190517e-02, -1.51628200e-02, -1.49314683e-02,
       -1.72983594e-02, -1.27713904e-02, -1.28785148e-02,
       -1.13504417e-02, -1.78729594e-02, -1.52351018e-02,
       -1.22718886e-02, -1.49082970e-02, -1.65212620e-02,
       -1.47311939e-02, -1.30366683e-02, -1.18057895e-02,
       -1.61574986e-02, -8.75521731e-03, -8.30773264e-04,
       -1.32697299e-02, -1.55116916e-02, -1.51184946e-02,
       -1.51216062e-02, -1.21186003e-02, -1.14456415e-02, 3.42811411e-03,
       -1.13788713e-03, -1.47344060e-02, -1.71458945e-02,
       -1.40538318e-02, -1.41465925e-02, -1.54824341e-02,
       -1.44030359e-02, -9.56189353e-03, -1.13763697e-02,
       -1.50710996e-02, -1.77884102e-02, -3.28637846e-03,
       -9.70053580e-03, -1.22341942e-02, -1.06801009e-02,
       -1.05400551e-02, -1.22147221e-02, -4.05388791e-03, 1.15395058e-03,
       -3.81330913e-03, -1.21582998e-02, -7.95812346e-03,
       -1.18272612e-03, 5.53654879e-03, -5.44167298e-04, 4.79073450e-03,
       3.10147530e-03, -1.19747026e-02, -1.40893441e-02, -1.28615107e-02,
       -3.82991577e-03, 1.23709515e-02, 2.43080612e-02, 9.32639558e-03,
       -2.61855684e-03, -1.31765138e-02, -1.18970722e-02,
       -1.58434287e-02, -1.02895182e-02, 9.03221517e-05, 2.72888364e-03,
