%YAML:1.0
---
vocabulary: !!opencv-matrix
   rows: 16
   cols: 128
   dt: f
   data: [ 2.14897671e+01, 7.74186039e+00, 4.10697651e+00,
       1.30204649e+01, 1.94427910e+01, 6.70790672e+00, 4.10465145e+00,
       8.49162769e+00, 4.03837204e+01, 1.44176750e+01, 7.56558132e+00,
       1.15455818e+01, 2.28832550e+01, 1.34367447e+01, 6.81255817e+00,
       1.63474426e+01, 3.15860462e+01, 1.13534889e+01, 9.82883739e+00,
       1.21739531e+01, 2.43906975e+01, 1.41311626e+01, 1.20976744e+01,
       2.42158127e+01, 1.76120930e+01, 6.19999981e+00, 6.25813961e+00,
       7.22372055e+00, 1.30158138e+01, 5.45116282e+00, 9.02000046e+00,
       1.67600002e+01, 3.22758141e+01, 2.21218605e+01, 1.48023252e+01,
       3.42576752e+01, 3.54260483e+01, 8.31627846e+00, 9.22790718e+00,
       1.92981396e+01, 5.48065109e+01, 3.43097687e+01, 1.98860474e+01,
       3.66665115e+01, 4.20200005e+01, 1.46530228e+01, 9.60558128e+00,
       2.13195343e+01, 4.75093002e+01, 2.82586040e+01, 2.94223251e+01,
       3.21372070e+01, 3.28176727e+01, 1.41381397e+01, 1.24660463e+01,
       2.03344193e+01, 3.09362793e+01, 1.81855812e+01, 1.68730240e+01,
       1.75446510e+01, 2.04479065e+01, 7.77348804e+00, 9.89767456e+00,
       1.53804646e+01, 4.27116280e+01, 4.69530220e+01, 3.95893021e+01,
       6.16990662e+01, 3.50986023e+01, 5.50232553e+00, 3.05720925e+00,
       1.01976748e+01, 6.79255829e+01, 9.08241882e+01, 8.12548828e+01,
       7.90888367e+01, 3.21702347e+01, 3.52837205e+00, 5.78604650e+00,
       1.15934877e+01, 4.48827896e+01, 7.51911621e+01, 1.08339996e+02,
       9.74809265e+01, 2.33567429e+01, 4.74883699e+00, 1.08739529e+01,
       1.04097672e+01, 2.07181396e+01, 3.67753487e+01, 7.46102295e+01,
       6.28288383e+01, 2.33548832e+01, 5.65581369e+00, 1.10153484e+01,
       8.74279022e+00, 4.60888367e+01, 4.21283722e+01, 2.36720924e+01,
       4.17297668e+01, 2.12427902e+01, 4.42372084e+00, 1.21813953e+00,
       6.56418610e+00, 6.88181381e+01, 7.40483704e+01, 5.57734871e+01,
       6.19106979e+01, 2.00097675e+01, 3.39162779e+00, 1.46930230e+00,
       1.16548834e+01, 4.35423279e+01, 4.90674400e+01, 7.47497711e+01,
       7.49916229e+01, 2.67530231e+01, 8.34000015e+00, 3.25441837e+00,
       1.48823261e+01, 8.39581394e+00, 2.33237209e+01, 5.78906937e+01,
       5.90627899e+01, 2.38288364e+01, 6.22186041e+00, 3.77534866e+00,
       5.33674431e+00, 2.93931789e+01, 3.34707642e+01, 1.14962521e+01,
       9.38343334e+00, 1.87994747e+01, 1.32065220e+01, 1.02233887e+01,
       1.21338081e+01, 5.14643936e+01, 7.16124420e+01, 2.52541237e+01,
       1.05014992e+01, 1.91772861e+01, 2.10543480e+01, 1.41904049e+01,
       1.67743626e+01, 3.63736877e+01, 6.47571259e+01, 3.03684425e+01,
       1.52368813e+01, 2.30191154e+01, 2.43650665e+01, 1.52871065e+01,
       1.17897301e+01, 1.07226391e+01, 3.17398796e+01, 2.32687416e+01,
       1.79820099e+01, 1.92747383e+01, 2.03744392e+01, 1.03639431e+01,
       8.59745121e+00, 4.66859055e+01, 4.36686668e+01, 1.56993999e+01,
       1.49718895e+01, 1.78170929e+01, 1.84940033e+01, 2.73886795e+01,
       3.27200165e+01, 8.10895844e+01, 8.12991028e+01, 2.82728634e+01,
       9.59932518e+00, 1.58425789e+01, 2.87664928e+01, 3.13823090e+01,
       4.47083969e+01, 4.26105728e+01, 6.00554733e+01, 2.90089951e+01,
       1.86308098e+01, 3.35487251e+01, 4.33054733e+01, 3.47983513e+01,
       2.64104195e+01, 1.69838829e+01, 2.54715137e+01, 2.06109447e+01,
       1.39955025e+01, 3.15517235e+01, 4.91458015e+01, 3.22061462e+01,
       1.42481260e+01, 3.01742897e+01, 2.30652180e+01, 1.80371056e+01,
       1.83635674e+01, 2.02604942e+01, 1.48279610e+01, 3.43493233e+01,
       4.57949753e+01, 5.82080231e+01, 2.96709137e+01, 1.25580959e+01,
       6.94227886e+00, 1.06360569e+01, 2.93635674e+01, 8.88009796e+01,
       9.14640198e+01, 2.63931789e+01, 1.86720390e+01, 9.63830566e+00,
       7.35307360e+00, 2.30535984e+01, 5.76926575e+01, 9.32218933e+01,
       6.84535217e+01, 1.47743626e+01, 1.68069725e+01, 1.01716642e+01,
       5.87631226e+00, 1.85487251e+01, 4.82248878e+01, 5.82871056e+01,
       2.89940033e+01, 6.28185940e+00, 8.10082436e+00, 1.24149179e+01,
       1.24842577e+01, 2.02301350e+01, 1.31746626e+01, 2.06915283e+01,
       1.59767618e+01, 1.47046480e+01, 1.37271366e+01, 1.46870327e+01,
       1.16997757e+01, 1.50419788e+01, 1.67372551e+01, 4.47871094e+01,
       4.13744354e+01, 1.48875561e+01, 1.33448277e+01, 1.67417545e+01,
       8.71401787e+00, 9.50149918e+00, 2.10674667e+01, 5.88976784e+01,
       5.06094437e+01, 1.49111691e+01, 8.74437809e+00, 8.14730167e+00,
       4.86356831e+00, 4.71251869e+00, 1.23369560e+01, 3.78335838e+01,
       2.93317108e+01, 1.40653324e+01, 1.60139618e+01, 19.,
       2.31862488e+01, 2.34914379e+01, 1.41309280e+01, 1.27472343e+01,
       1.23518181e+01, 2.80712585e+01, 3.20783730e+01, 3.16984978e+01,
       3.75944443e+01, 2.83083515e+01, 1.73292942e+01, 2.00077724e+01,
       2.42268181e+01, 3.09690456e+01, 3.28343010e+01, 2.80976028e+01,
       4.11817703e+01, 3.02552681e+01, 1.45350370e+01, 1.62228661e+01,
       2.42222080e+01, 1.56692581e+01, 1.33038731e+01, 1.38240252e+01,
       2.60168610e+01, 2.41280289e+01, 1.35770550e+01, 1.15287151e+01,
       1.36537151e+01, 3.10600624e+01, 3.76272392e+01, 3.72100906e+01,
       3.87726555e+01, 2.79606171e+01, 1.96138039e+01, 1.90625668e+01,
       2.10569019e+01, 5.02622528e+01, 5.76616173e+01, 5.59587708e+01,
       5.91743927e+01, 3.45093536e+01, 1.80960217e+01, 1.79936771e+01,
       2.70189667e+01, 3.48474731e+01, 3.87207565e+01, 4.48315353e+01,
       6.01260529e+01, 5.64014740e+01, 3.36917801e+01, 2.29092464e+01,
       2.11412010e+01, 1.87197056e+01, 1.80151482e+01, 1.95578251e+01,
       3.30198898e+01, 5.04353256e+01, 4.26977081e+01, 2.26908588e+01,
       1.48786888e+01, 2.99038467e+01, 1.74427032e+01, 1.43739471e+01,
       2.05940475e+01, 2.52672558e+01, 3.33644638e+01, 5.44051666e+01,
       4.72158890e+01, 3.51696510e+01, 1.90256844e+01, 1.84710236e+01,
       2.58801365e+01, 4.02914925e+01, 6.31475258e+01, 8.14884109e+01,
       6.18606453e+01, 1.90370121e+01, 8.95785046e+00, 1.02203636e+01,
       2.46714973e+01, 5.80754776e+01, 1.00349846e+02, 8.98418121e+01,
       4.06899376e+01, 1.46787415e+01, 1.03746052e+01, 7.38158607e+00,
       1.12588253e+01, 3.78011093e+01, 7.22307739e+01, 5.43071671e+01,
       2.13652534e+01, 1.07168074e+01, 7.44994736e+00, 1.03240252e+01,
       1.50384617e+01, 1.82646217e+01, 2.74735241e+01, 4.48686790e+01,
       2.84690475e+01, 1.53350897e+01, 8.52226067e+00, 1.19477081e+01,
       1.71115646e+01, 3.17078514e+01, 5.64666748e+01, 7.06821671e+01,
       3.81377792e+01, 1.74822197e+01, 1.14429665e+01, 1.37766075e+01,
       1.34434929e+01, 2.67830620e+01, 6.50195007e+01, 6.19881439e+01,
       2.31311913e+01, 1.56413326e+01, 1.19010801e+01, 1.12390671e+01,
       7.71917820e+00, 1.47978134e+01, 3.15163326e+01, 2.49507370e+01,
       1.44591675e+01, 2.71819458e+01, 2.56444454e+01, 1.07375011e+01,
       7.81666708e+00, 1.45694447e+01, 2.15111122e+01, 1.77402782e+01,
       1.52069454e+01, 2.51361122e+01, 2.35541687e+01, 1.99041672e+01,
       1.84208336e+01, 2.14819450e+01, 4.52763901e+01, 5.07736130e+01,
       2.81611137e+01, 2.78638897e+01, 2.02236118e+01, 2.73736115e+01,
       2.73472214e+01, 1.91652775e+01, 3.41305580e+01, 4.91416702e+01,
       4.08083344e+01, 1.36472225e+01, 1.18444443e+01, 1.87222233e+01,
       2.31333351e+01, 2.06277771e+01, 1.99847221e+01, 1.72152786e+01,
       1.88555565e+01, 3.29416656e+01, 2.85000000e+01, 1.28597221e+01,
       1.28611116e+01, 3.65694466e+01, 4.76736145e+01, 3.52500000e+01,
       2.38375015e+01, 1.67250004e+01, 1.00125008e+01, 1.10902786e+01,
       2.27944450e+01, 6.50708313e+01, 9.21291656e+01, 8.93055573e+01,
       3.90722237e+01, 6.91708374e+01, 3.29500008e+01, 1.41277781e+01,
       1.17097225e+01, 1.45736122e+01, 3.52069473e+01, 8.73236084e+01,
