%YAML:1.0
---
codebook: !!opencv-matrix
   rows: 16
   cols: 128
   dt: f
   data: [ 3.04997730e+01, 1.18666677e+01, 7.97565746e+00,
       1.51920261e+01, 3.96892853e+01, 2.13237362e+01, 1.18446083e+01,
       1.51441183e+01, 3.38115196e+01, 1.36761589e+01, 9.10735607e+00,
       2.83751316e+01, 8.58469849e+01, 3.20066261e+01, 9.64348698e+00,
       1.18155508e+01, 1.11169144e+02, 2.97821121e+01, 7.03233624e+00,
       9.40123463e+00, 1.96954956e+01, 8.12304306e+00, 7.94321680e+00,
       3.61693420e+01, 4.21921310e+01, 1.23278494e+01, 6.10377550e+00,
       9.23771000e+00, 2.45512047e+01, 1.42134714e+01, 1.16214848e+01,
       2.04879322e+01, 4.01052933e+01, 1.68750668e+01, 9.28035831e+00,
       1.80995808e+01, 4.69975204e+01, 2.29871387e+01, 1.28210192e+01,
       1.91557388e+01, 4.32276306e+01, 1.40987244e+01, 9.71800804e+00,
       4.92634048e+01, 1.18750343e+02, 3.85664635e+01, 7.05906534e+00,
       8.65869904e+00, 1.36054016e+02, 3.85363045e+01, 6.90553904e+00,
       1.23961830e+01, 2.32040405e+01, 7.44206381e+00, 5.02511835e+00,
       3.02509861e+01, 5.36926804e+01, 1.31299715e+01, 6.89851809e+00,
       1.41547651e+01, 3.38899765e+01, 1.78555794e+01, 1.09346781e+01,
       1.77495441e+01, 3.99852829e+01, 1.90011463e+01, 1.29367628e+01,
       2.30724239e+01, 4.71405144e+01, 1.83227158e+01, 9.32669067e+00,
       1.69664688e+01, 4.32925453e+01, 8.66493225e+00, 7.10225773e+00,
       3.89464493e+01, 1.18693626e+02, 4.92104340e+01, 9.75931168e+00,
       1.40479078e+01, 1.36035263e+02, 3.04059849e+01, 5.00653458e+00,
       7.46009159e+00, 2.31781578e+01, 1.24020109e+01, 6.90639639e+00,
       3.83278008e+01, 5.36970940e+01, 1.78872681e+01, 1.07768297e+01,
       1.77851715e+01, 3.39330559e+01, 1.42151747e+01, 6.81553888e+00,
       1.29667711e+01, 3.02236900e+01, 1.51945057e+01, 1.20827122e+01,
       2.14766483e+01, 3.96969795e+01, 1.53286943e+01, 8.03038979e+00,
       1.18652658e+01, 3.39453926e+01, 1.17048225e+01, 9.63242245e+00,
       3.20515556e+01, 8.57806396e+01, 2.85851154e+01, 9.23406029e+00,
       1.38026199e+01, 1.11481895e+02, 3.63109322e+01, 7.81961727e+00,
       8.15970135e+00, 1.98502960e+01, 9.50969124e+00, 7.00254869e+00,
       2.97012424e+01, 4.23393288e+01, 2.07091904e+01, 1.12173996e+01,
       1.40375729e+01, 2.46785564e+01, 9.38383293e+00, 6.08144951e+00,
       1.21853409e+01, 1.69038429e+01, 1.16214046e+01, 1.17466049e+01,
       1.39275618e+01, 1.61626549e+01, 9.23489189e+00, 8.30274677e+00,
       1.00635033e+01, 8.88058929e+01, 2.79412498e+01, 9.99095631e+00,
       8.10807133e+00, 9.09185219e+00, 6.87993813e+00, 8.43655872e+00,
       2.51826534e+01, 1.50856476e+02, 3.25245361e+01, 3.07268524e+00,
       1.70558643e+00, 2.55533957e+00, 2.55216050e+00, 5.76234579e+00,
       4.85593987e+01, 5.80644150e+01, 1.17056332e+01, 3.82666659e+00,
       4.40816355e+00, 1.07582874e+01, 9.02624989e+00, 1.02185802e+01,
       2.42002773e+01, 2.26447067e+01, 1.35137653e+01, 1.13916054e+01,
       1.30788584e+01, 1.79192753e+01, 1.20375614e+01, 1.13028708e+01,
       1.42678242e+01, 1.10843254e+02, 3.36038895e+01, 1.29098921e+01,
       1.21130867e+01, 1.35221138e+01, 1.04581022e+01, 9.23675919e+00,
       2.21116352e+01, 1.60019272e+02, 4.52665749e+01, 3.55182099e+00,
       2.31953692e+00, 2.86734557e+00, 2.62266970e+00, 3.95484567e+00,
       3.45984573e+01, 7.38326721e+01, 1.48632097e+01, 5.26208353e+00,
       7.06577158e+00, 1.38146915e+01, 9.68609524e+00, 8.10807133e+00,
       1.90069294e+01, 2.25363731e+01, 1.40552931e+01, 1.12008028e+01,
       1.23313122e+01, 1.80377617e+01, 1.29148922e+01, 1.14219599e+01,
       1.35766668e+01, 1.11021683e+02, 2.22183800e+01, 9.29038620e+00,
       1.06938267e+01, 1.35644445e+01, 1.19175615e+01, 1.28253546e+01,
       3.35409431e+01, 1.59920456e+02, 3.47527008e+01, 3.99046302e+00,
       2.56540132e+00, 2.82208323e+00, 2.34878087e+00, 3.54970670e+00,
       4.53254776e+01, 7.37705688e+01, 1.93430710e+01, 7.98015451e+00,
       9.47069454e+00, 1.37513275e+01, 7.37365723e+00, 5.27131176e+00,
       1.46132402e+01, 1.66297073e+01, 9.94819450e+00, 8.28714466e+00,
       9.47790146e+00, 1.63423920e+01, 1.39441357e+01, 1.18491354e+01,
       1.15246916e+01, 8.88410645e+01, 2.52895374e+01, 8.46566391e+00,
       7.05790138e+00, 9.19373417e+00, 7.97537041e+00, 1.00523453e+01,
       2.79447384e+01, 1.50882233e+02, 4.89237671e+01, 5.90300941e+00,
       2.52270055e+00, 2.52520061e+00, 1.70898151e+00, 3.15464497e+00,
       3.24371300e+01, 5.78777466e+01, 2.48399696e+01, 1.03981485e+01,
       8.87412071e+00, 1.08017588e+01, 4.58273125e+00, 3.78819442e+00,
       1.13571301e+01, 2.32119064e+01, 1.24812565e+01, 1.20123978e+01,
       1.54152241e+01, 2.25337143e+01, 1.28072853e+01, 1.05482006e+01,
       1.31076221e+01, 6.06970444e+01, 2.48646259e+01, 1.25007868e+01,
       1.35041695e+01, 2.17241344e+01, 1.25039482e+01, 1.16490431e+01,
       2.22079201e+01, 1.05420830e+02, 2.64378719e+01, 5.40012074e+00,
       6.87353849e+00, 2.82737923e+01, 1.40002203e+01, 1.07831812e+01,
       3.63789597e+01, 1.84773006e+01, 5.57659912e+00, 4.96610165e+00,
       2.29835587e+01, 9.80035858e+01, 2.98661995e+01, 7.67082357e+00,
       9.02661896e+00, 2.91331520e+01, 1.58389492e+01, 1.41735373e+01,
       1.69944401e+01, 2.59540424e+01, 1.69429836e+01, 1.32663202e+01,
       1.65987320e+01, 7.39288940e+01, 3.06784115e+01, 2.01888180e+01,
       2.57960491e+01, 3.36331024e+01, 1.84392548e+01, 1.03123083e+01,
       1.64564323e+01, 1.31122513e+02, 4.37479591e+01, 7.60217381e+00,
       1.01184320e+01, 3.46737213e+01, 1.17124729e+01, 5.30770493e+00,
       2.56120415e+01, 2.39754696e+01, 5.58923197e+00, 4.13447666e+00,
       3.25245247e+01, 1.24772400e+02, 3.63356018e+01, 4.93018818e+00,
       6.20565605e+00, 2.91326675e+01, 1.60108089e+01, 1.33893404e+01,
       1.75456867e+01, 2.61063576e+01, 1.66164684e+01, 1.38710680e+01,
       1.62039204e+01, 7.41785355e+01, 1.61964207e+01, 1.05381269e+01,
       1.91285210e+01, 3.38174782e+01, 2.49105701e+01, 1.95790844e+01,
       3.11063137e+01, 1.31244415e+02, 2.56606464e+01, 5.41297388e+00,
       1.19425268e+01, 3.46765289e+01, 9.88148022e+00, 7.35083914e+00,
       4.35510979e+01, 2.39769688e+01, 6.21486235e+00, 4.89373064e+00,
       3.65652618e+01, 1.24539391e+02, 3.22223320e+01, 4.06073809e+00,
       5.49881601e+00, 2.33645153e+01, 1.24026060e+01, 1.03699131e+01,
       1.31432858e+01, 2.26801777e+01, 1.50488701e+01, 1.21355505e+01,
       1.30814886e+01, 6.08542747e+01, 2.10938129e+01, 1.13643980e+01,
       1.28745089e+01, 2.19712925e+01, 1.31466827e+01, 1.24656525e+01,
       2.54326077e+01, 1.05652634e+02, 3.59024811e+01, 1.07215176e+01,
       1.42316723e+01, 2.82938366e+01, 6.63857222e+00, 5.28696871e+00,
       2.62916889e+01, 1.85055523e+01, 9.01522160e+00, 7.48931551e+00,
       2.96826038e+01, 9.77804642e+01, 2.27837257e+01, 4.94983578e+00,
       5.52446413e+00, 1.40552931e+01, 1.33179579e+01, 1.61827412e+01,
       1.97506313e+01, 1.91976109e+01, 1.69573784e+01, 1.72776833e+01,
       1.52742968e+01, 2.80706997e+01, 1.84716110e+01, 1.68315659e+01,
       1.93281631e+01, 2.02805367e+01, 1.93957424e+01, 2.25257893e+01,
       2.84638119e+01, 5.51367035e+01, 1.74762611e+01, 1.11689253e+01,
       1.03266191e+01, 9.83355618e+00, 1.38782578e+01, 4.00994606e+01,
       7.76381607e+01, 3.25420570e+01, 1.22018900e+01, 8.10277271e+00,
       6.44703960e+00, 8.27451992e+00, 2.08276443e+01, 5.50028229e+01,
       6.37286911e+01, 1.94434586e+01, 1.73553047e+01, 1.80832367e+01,
       2.03465710e+01, 2.16015091e+01, 2.15676537e+01, 2.17837753e+01,
       2.03124466e+01, 5.89254570e+01, 2.73991451e+01, 2.34973850e+01,
       2.97568855e+01, 3.14521809e+01, 2.47994328e+01, 1.74517937e+01,
       2.34816685e+01, 1.26483025e+02, 3.65942764e+01, 9.64667130e+00,
       7.00837898e+00, 5.69732904e+00, 8.71717644e+00, 2.91646614e+01,
       9.14872971e+01, 4.60148582e+01, 1.50733433e+01, 1.23214340e+01,
