%YAML:1.0
---
codebook: !!opencv-matrix
   rows: 16
   cols: 128
   dt: f
   data: [ 1.79517307e+01, 2.33596153e+01, 4.35535011e+01,
       4.48930016e+01, 2.26588898e+01, 1.31464205e+01, 1.22727280e+01,
       1.66886578e+01, 1.76387768e+01, 3.08302498e+01, 5.37940483e+01,
       5.77329063e+01, 3.23258247e+01, 1.71504421e+01, 1.37610626e+01,
       1.38214006e+01, 2.27417545e+01, 3.46669350e+01, 4.63282394e+01,
       4.71520538e+01, 3.14078846e+01, 1.98511677e+01, 1.65543041e+01,
       1.53845539e+01, 3.22019310e+01, 3.41311340e+01, 3.29742584e+01,
       2.49050694e+01, 1.55953341e+01, 1.21399841e+01, 1.44199524e+01,
       2.32333069e+01, 2.03523731e+01, 2.62429619e+01, 6.09911537e+01,
       7.95631561e+01, 4.62003250e+01, 1.45905075e+01, 6.88495588e+00,
       7.83185863e+00, 1.06041840e+02, 4.69895439e+01, 4.12035408e+01,
       3.51930809e+01, 1.88584080e+01, 2.00579243e+01, 2.74666138e+01,
       4.98407097e+01, 3.00016098e+01, 1.68246193e+01, 1.69581661e+01,
       2.87401447e+01, 5.90482712e+01, 7.55880966e+01, 5.20595360e+01,
       3.21987152e+01, 4.66033821e+01, 3.36307335e+01, 2.28970242e+01,
       1.73660507e+01, 1.84609814e+01, 2.11834278e+01, 2.86942883e+01,
       4.40394211e+01, 2.88664532e+01, 1.11496382e+01, 1.72550278e+01,
       4.25317802e+01, 5.11777954e+01, 4.28431244e+01, 3.61689453e+01,
       3.02606602e+01, 1.14585686e+02, 5.21134377e+01, 2.31697521e+01,
       1.82284794e+01, 1.46371689e+01, 1.50780373e+01, 2.31971054e+01,
       5.51729698e+01, 4.04448929e+01, 2.83459377e+01, 3.16259060e+01,
       4.74255829e+01, 5.55068398e+01, 4.10104599e+01, 2.65502815e+01,
       2.70345936e+01, 3.96130333e+01, 2.14650040e+01, 1.38382950e+01,
       1.57876110e+01, 1.94223652e+01, 2.49911518e+01, 3.85591316e+01,
       4.89774742e+01, 2.29919548e+01, 1.11689463e+01, 1.14086885e+01,
       1.78318596e+01, 2.60168953e+01, 3.08463402e+01, 3.72196312e+01,
       3.77119865e+01, 4.34786835e+01, 2.13354797e+01, 1.74979897e+01,
       1.82292843e+01, 2.11979084e+01, 2.30321808e+01, 3.75004044e+01,
       5.52823830e+01, 3.74384575e+01, 2.25703945e+01, 2.13041039e+01,
       2.40201130e+01, 2.14513283e+01, 2.14191475e+01, 2.94288025e+01,
       4.13877716e+01, 2.77304916e+01, 1.81061954e+01, 1.84907494e+01,
       2.10909100e+01, 1.71858406e+01, 1.81544647e+01, 2.26106205e+01,
       2.96926804e+01, 2.26770611e+01, 1.44747047e+01, 1.42695770e+01,
       1.93499641e+01, 1.93839226e+01, 1.83257103e+01, 2.36112270e+01,
       2.88309078e+01, 2.08115025e+01, 1.75855846e+01, 2.47137909e+01,
       3.46749802e+01, 3.29071388e+01, 2.59286213e+01, 2.60602913e+01,
       2.55356884e+01, 3.73901596e+01, 2.69882183e+01, 2.43880806e+01,
       2.50706863e+01, 2.31157303e+01, 2.04989605e+01, 2.58115025e+01,
       3.78565483e+01, 2.39902973e+01, 1.40034647e+01, 1.28142757e+01,
       1.74255028e+01, 2.08011093e+01, 2.25987530e+01, 2.86832981e+01,
       3.29674301e+01, 2.35024242e+01, 2.29868317e+01, 3.33645172e+01,
       4.59029808e+01, 2.98260555e+01, 1.50214825e+01, 1.83783779e+01,
       2.48821888e+01, 2.30048504e+01, 2.75987511e+01, 6.20796928e+01,
       1.04242546e+02, 6.13264008e+01, 1.31905746e+01, 9.15869713e+00,
       1.03111572e+01, 1.15339569e+02, 6.68634796e+01, 4.09071388e+01,
       2.79237690e+01, 1.27068605e+01, 8.68676376e+00, 1.26361742e+01,
       4.12564087e+01, 3.85758820e+01, 1.42418566e+01, 1.22598753e+01,
       2.30637550e+01, 3.28953552e+01, 3.25370750e+01, 2.88551617e+01,
       3.22771988e+01, 1.29570341e+01, 2.12252254e+01, 4.54580727e+01,
       6.99757462e+01, 4.61268196e+01, 1.53818426e+01, 8.58350658e+00,
       1.02106724e+01, 4.63901596e+01, 1.68260555e+01, 3.02460155e+01,
       8.13721390e+01, 6.42293854e+01, 2.04421349e+01, 1.70893974e+01,
       3.19799023e+01, 1.24205124e+02, 5.09882164e+01, 1.46687450e+01,
       1.24989605e+01, 1.01905746e+01, 6.55925131e+00, 1.18274422e+01,
       5.85488548e+01, 4.29604988e+01, 2.72584896e+01, 2.74920292e+01,
       3.72030487e+01, 3.47886353e+01, 2.03167000e+01, 1.10852385e+01,
       1.53000689e+01, 1.01164236e+01, 1.03312540e+01, 1.91053352e+01,
       3.96493416e+01, 4.29438667e+01, 2.99736652e+01, 2.02446289e+01,
       1.45349960e+01, 4.44282722e+01, 2.06250858e+01, 1.52106714e+01,
       2.50776157e+01, 2.81898823e+01, 2.50471230e+01, 3.03270950e+01,
       4.37269554e+01, 7.76146927e+01, 4.53929291e+01, 1.97394314e+01,
       1.33388767e+01, 1.11781006e+01, 1.06472626e+01, 1.83762989e+01,
       4.88447685e+01, 2.93513508e+01, 2.81399860e+01, 2.62931385e+01,
       2.63700619e+01, 2.24171867e+01, 1.46742897e+01, 1.18641720e+01,
       1.72404709e+01, 1.07959909e+01, 1.05325699e+01, 1.41932707e+01,
       2.50536861e+01, 4.49663544e+01, 3.97086601e+01, 2.17773800e+01,
       1.22791691e+01, 2.59405861e+01, 2.63994274e+01, 2.53128128e+01,
       3.43099480e+01, 5.12376518e+01, 3.73979950e+01, 1.64280605e+01,
       1.51989975e+01, 7.92999268e+01, 4.52190399e+01, 1.92548313e+01,
       1.20579815e+01, 1.14373655e+01, 1.03256979e+01, 1.88203297e+01,
       5.17730827e+01, 3.95475998e+01, 2.14738712e+01, 1.07215462e+01,
       9.76377964e+00, 1.48811731e+01, 1.91395836e+01, 2.72047234e+01,
       3.82856102e+01, 1.50909090e+01, 1.23450251e+01, 1.15125265e+01,
       2.23686466e+01, 5.27036476e+01, 5.56879005e+01, 3.23027916e+01,
       1.80429478e+01, 3.37043648e+01, 1.83292770e+01, 1.45425911e+01,
       4.32211876e+01, 9.83178177e+01, 7.24509659e+01, 1.84416599e+01,
       1.13922691e+01, 1.25193985e+02, 5.03622017e+01, 1.03972797e+01,
       1.03478880e+01, 1.31710806e+01, 1.02984962e+01, 1.32977810e+01,
       5.74438057e+01, 5.34846077e+01, 1.90035782e+01, 1.11166782e+01,
       1.61381531e+01, 2.56055832e+01, 2.77050819e+01, 2.53557625e+01,
       3.58124542e+01, 2.03994274e+01, 2.25619183e+01, 2.16664276e+01,
       2.68754463e+01, 4.35776634e+01, 3.80687180e+01, 2.04173222e+01,
       1.62820320e+01, 2.19720821e+01, 8.48174667e+00, 8.85397243e+00,
       2.58074436e+01, 8.78217621e+01, 9.38940582e+01, 4.56936264e+01,
       2.40744438e+01, 1.19042229e+02, 4.63443069e+01, 1.29470291e+01,
       7.76521111e+00, 1.37057981e+01, 2.74595547e+01, 3.33929825e+01,
       6.07179642e+01, 4.71546173e+01, 4.06377945e+01, 3.17702217e+01,
       2.68546886e+01, 2.33686466e+01, 1.57108088e+01, 1.02827482e+01,
       1.55841084e+01, 1.89656410e+01, 2.34151745e+01, 2.37952747e+01,
       2.48718681e+01, 2.71882591e+01, 2.23171082e+01, 1.38754473e+01,
       1.36800280e+01, 2.10186100e+01, 2.06385098e+01, 2.19277020e+01,
       2.93063698e+01, 4.05934143e+01, 3.92870445e+01, 2.52476730e+01,
       2.00701504e+01, 4.43879738e+01, 3.50207596e+01, 1.98568363e+01,
       1.72569790e+01, 2.37265568e+01, 2.67437363e+01, 2.51939869e+01,
       3.19727974e+01, 3.26156044e+01, 3.43650665e+01, 2.48518238e+01,
       1.79821033e+01, 1.54237652e+01, 1.33872585e+01, 1.30178947e+01,
       1.86513958e+01, 2.84224548e+01, 9.28163624e+00, 6.51474762e+00,
       1.49105606e+01, 4.08629875e+01, 1.99343472e+01, 8.23691750e+00,
       1.20475731e+01, 3.86374855e+01, 1.34595623e+01, 5.98763084e+00,
       2.61037102e+01, 8.75708847e+01, 2.87335873e+01, 6.21313000e+00,
       1.02464314e+01, 1.21594666e+02, 2.96355839e+01, 4.17887735e+00,
       8.45290184e+00, 2.55052319e+01, 7.81731653e+00, 4.73644161e+00,
       3.18306370e+01, 3.41274986e+01, 8.75737381e+00, 5.48905802e+00,
       1.36745949e+01, 5.32559471e+01, 1.71874409e+01, 6.02093220e+00,
       1.27792578e+01, 3.53415794e+01, 1.37107515e+01, 9.12940025e+00,
       2.05080872e+01, 4.96298752e+01, 2.08334923e+01, 8.90960979e+00,
       1.41817312e+01, 4.68677444e+01, 1.73853474e+01, 1.01674595e+01,
       5.11436729e+01, 1.14564224e+02, 3.01998081e+01, 4.47002840e+00,
       7.20076084e+00, 1.39104660e+02, 4.29971428e+01, 5.98953342e+00,
       1.25708847e+01, 3.05137959e+01, 7.29685974e+00, 3.05708838e+00,
       2.47621307e+01, 4.39562302e+01, 9.04662228e+00, 5.24738312e+00,
